408.742  307.905  421.97  200.9  485.4  534.3  676.2619  898.5686  845.5762  904.4  801.437  551  185.553  1001.929  561.1  1002.406  359  1009  936.21  291.56  242.423  775.7  159.717  673  563.2568  637.4
151.4  201.9139  918.6168  806.43  763.9239  318.05  321  119.332  771.7  187.3  146.823  779.9818  578.12  1042  696.9568  1030.08  199.888  455  215.891  725.8  490.15  717.84  643.98  102.6939  258.106  772.917
133.17  389.516  932.251  873  218.6  412.8036  657.8294  200.854  582.9  860.491  838.288  923  939.02  1036.9  750.7349  222.358  152.5693  1028.8
129.1535  315.3  592.856  104  275.074  490.384  711.236  628.178  717  964.21  498.07  160.34  242
139.6041  286.09  1000.7  913.6  437.6  1035.3  66.3278  181.48  982.331  923.621  238.33  686.607  553  338.91  961.41  295.73  510.79  608  185.9  476.16  333.18  995.62  879.62  501.513  860  197.6
797.448  687  492  924.4  701.7  518.4  700  997.4  611.385  514.36  596  723.3  479.476  637.5942  648.2  266  682.085  840.695  500.01  450  533.3  869.096  787.862  1026.02  216.71  332.9
1026.174  180.7  71.2752  931.2743  553  884  550.617  448.03  1001.347  147.5  352.26  655.568  738.3  763.266  190.191  117.39  867.1  277.7  1014.731  101.1655  191.4209  939.114  404.85  878  961  364
854.48  607.61  617  587.8  135.4943  807.3  764.03  842.1  1034.461  749  657.89  640.162  423  893.5431  164  660.98  664.493  298.5399  739.23  459.8  1014.95
720  537.9839  828  1002.8815  206  88.2  58.4  661.3  311.3  275.5958  403.69  221.1522  946.044  1018  89.003  912.526  538.538  606.378  242  341  166  735.794  760.2  240  723.87  970.9
857.5  216.154  66.8521  810.9  1007.367  988.77  249  809  566.9  851.649  823.7  101.2373  270.97  287.2  503.7  165.47  783.1  645  392  333.8519  893.796  574.1276  319.6  286.7873  721.2  931.1
104.3  575.2271  999.8546  279  155.823  442.4745  780  165.355  912.3239  102  392  493.54  1018.9165  913  241.5283  705.7211  449.033  282  165.7  402.29  333.72  216.3  562.488  749.8552  564.2  518
932  404.4  298.2  457.1817  471.4808  891.52  272.834  223.408  123.481  610.68  858  115.56  392.76  343.157  202.354  961.19  467  579  288.288  846.2261  504.11  91.75  868.2  971.8  565.959  733.26
112.1  140.96  231.4886  731.525  270.705  896.6  834  271  578.3  56.5  870.85  639.4  1018.931  803.1  974.295  651.683  734.6034  465.12  283.97  662.8775  823  571.58  416.4635  1049.1567  925.28  159.7
641.283  715.72  1038.135  345.53  745.47  908.1  860.93  503.7151
740.644  288.104  169.074  687  542.2  118.5  256.1548  425  388  643.2  948.5  996.592  237.062  804.8  214.9807  771.3682  902.1  1000  287  57.4472  548.538  872.419  713.0224  646  445.45  991
102.5885  498.82  582.57  867.859  433  920.91  199.2  354.78  137.355  436.4958  91.85  486  661  837.895  74.91  249.6082  205.18  447.6831  777.41  124.31  526.09  977  160  487.049  519.6  518.47
